0
0
0
0
0
112
16
7
5
2
7
1
18
19
17
17
19
19
19
17
17
18
1
16
18
34
34
50
34
48
35
35
34
35
35
34
50
35
35
50
51
51
53
51
51
52
3
48
55
55
51
48
51
119
84
68
68
68
70
68
71
55
55
54
63
68
116
84
71
69
69
84
85
85
70
85
85
87
85
85
87
86
87
85
117
87
85
87
100
102
86
87
102
54
86
101
102
102
102
118
118
118
103
103
102
118
103
103
103
103
117
118
119
71
115
118
118
118
119
119
119
119
112
63
119
87
119
132
131
130
133
143
136
136
120
127
104
136
136
136
136
136
136
136
137
136
136
136
138
136
168
168
138
136
184
152
139
136
141
124
152
153
137
137
152
152
152
153
153
153
139
153
153
153
153
154
154
153
153
153
156
154
155
137
157
155
154
139
155
170
168
170
170
168
168
170
170
170
170
138
168
170
168
186
168
187
251
186
138
170
172
159
154
169
170
169
170
170
168
186
170
170
171
184
153
153
157
154
155
153
153
155
137
154
137
153
153
153
152
153
152
153
153
153
153
152
152
153
137
168
152
152
153
152
146
169
152
153
152
140
139
136
152
255
255
252
139
136
137
138
138
123
120
136
152
137
124
120
136
136
136
136
136
136
136
136
136
136
127
120
14
127
104
136
8
8
8
40
121
120
143
143
180
135
134
133
134
119
134
119
128
133
134
134
135
119
119
119
119
119
119
120
119
119
119
119
119
119
119
118
119
119
118
117
119
119
31
119
103
119
103
103
103
103
119
71
114
135
103
103
118
119
103
96
31
63
63
102
102
103
103
102
102
102
118
118
103
103
102
103
102
118
118
102
102
103
71
102
103
102
102
118
103
103
102
119
247
246
102
118
118
118
118
117
103
102
102
102
102
102
102
101
102
102
100
118
100
102
100
102
102
100
103
247
246
102
100
102
100
100
98
102
70
70
101
102
87
103
199
166
87
100
86
100
86
86
85
84
68
86
86
86
69
85
87
69
108
117
87
69
86
87
85
86
68
4
1682499198.3763394
1682499210.274991
1682499224.5898712